1013 1031 1103 1301 3011 -1
1019 1091 1109 1901 9011 -1
1021 1201 2011 -1
1033 1303 3301 -1
1039 1093 3019 3109 9013 9103 -1
1049 1409 4019 4091 9041 -1
1051 5011 5101 -1
1061 1601 6011 6101 -1
1063 3061 6301 -1
1069 1609 6091 9601 -1
1097 1709 1907 7019 7109 7901 -1
1123 1213 1231 1321 2113 2131 2311 3121 -1
1153 1531 3511 5113 -1
1163 1361 1613 6113 6131 6311 -1
1181 1811 8111 -1
1187 1871 8117 8171 -1
1193 1319 1913 1931 3119 3191 3911 9311 -1
1217 1721 2711 7121 7211 -1
1223 2213 3221 -1
1229 2129 9221 -1
1237 1327 1723 2137 2371 2713 2731 3217 3271 7213 7321 -1
1249 1429 4129 4219 9241 9421 -1
1259 2591 9521 -1
1279 1297 2179 2719 2791 2917 2971 7129 7219 9127 9721 -1
1283 1823 2381 3821 8123 8231 -1
1289 2819 8219 8291 9281 -1
1307 3701 7013 7103 -1
1367 1637 3167 3617 3671 3761 6173 6317 -1
1373 1733 3137 3371 7331 -1
1381 1831 3181 8311 -1
1399 1993 3919 9319 9391 9931 -1
1423 2143 2341 4231 -1
1427 2417 2741 4127 4217 4271 4721 -1
1433 3413 4133 -1
1439 1493 3491 4139 4391 4931 9341 9413 9431 -1
1453 1543 3541 4153 4513 5413 5431 -1
1459 1549 4159 4519 4591 4951 5419 -1
1471 1741 7411 -1
1483 4813 4831 8431 -1
1487 1847 4817 4871 7481 7841 8147 8741 -1
1489 8419 8941 -1
1499 1949 4919 9419 9491 9941 -1
1523 2153 2351 2531 3251 5231 -1
1553 5153 5351 5531 -1
1559 5519 5591 9551 -1
1567 1657 5167 6571 7561 -1
1571 5171 5711 7151 -1
1579 1597 1759 5179 5197 5791 7159 7591 7951 9157 -1
1583 3581 3851 5381 5813 8513 -1
1619 6911 9161 -1
1621 2161 6121 6211 -1
1627 2617 2671 6217 6271 7621 -1
1663 6163 6361 -1
1669 6619 6691 6961 9661 -1
1693 3169 3691 9613 9631 -1
1697 6197 6719 6791 6917 6971 7691 -1
1699 6199 6991 9619 -1
1747 4177 7417 7741 -1
1753 3517 3571 7351 -1
1777 7177 7717 -1
1783 1873 3187 8317 8713 8731 -1
1787 1877 7187 7817 -1
1789 1879 1987 8179 8719 8971 9187 9781 9817 9871 -1
1801 8011 8101 -1
1867 6781 6871 7681 8167 8761 -1
1933 3319 3391 3931 9133 -1
1951 5119 9151 9511 -1
1973 3719 3917 7193 9137 9173 9371 -1
1979 1997 7919 9719 9791 -1
2039 2309 2903 3209 9203 -1
2053 2503 5023 -1
2069 2609 6029 -1
2099 2909 9029 9209 -1
2141 2411 4211 -1
2239 2293 3229 -1
2297 2729 2927 7229 9227 -1
2339 2393 3329 3923 9323 -1
2347 2437 2473 4273 4327 4723 7243 -1
2357 2753 3257 3527 5237 5273 7253 7523 -1
2377 3727 7237 7723 -1
2383 2833 3823 8233 -1
2389 8293 8329 8923 9283 -1
2399 2939 3299 3929 9239 9293 9923 -1
2441 4241 4421 -1
2459 2549 4259 -1
2467 2647 6247 6427 -1
2539 2593 2953 3259 3529 5923 -1
2543 4253 4523 -1
2579 2957 5279 5297 5927 7529 9257 -1
2633 3623 6323 -1
2677 2767 6277 -1
2683 6823 8263 8623 -1
2687 6287 6827 8627 -1
2689 6829 8269 8629 -1
2693 2963 6329 9623 -1
2699 2969 6299 9629 -1
2707 7027 7207 -1
2749 4297 4729 -1
2789 2879 2897 7829 8297 -1
2797 7297 7927 9277 -1
2837 7283 7823 8237 8273 -1
2843 4283 8243 8423 -1
2851 5281 5821 8521 -1
2857 5827 8527 -1
3049 4093 4903 9043 9403 -1
3067 3607 6037 6073 6703 7603 -1
3079 3709 3907 7039 7309 -1
3089 8039 8093 9803 -1
3163 3361 3613 3631 6133 -1
3253 5233 5323 -1
3347 4337 4373 4733 7433 -1
3359 3539 3593 5393 9533 -1
3373 3733 7333 -1
3389 8933 9833 -1
3407 4073 4703 7043 -1
3449 4349 4493 4943 -1
3457 3547 4357 5347 5437 5743 -1
3463 3643 4363 6343 -1
3467 4637 4673 6473 7643 -1
3469 4639 9463 9643 -1
3499 4993 9349 9439 -1
3583 3853 8353 -1
3637 3673 6337 6373 6733 -1
3659 5639 5693 6359 -1
3677 3767 6737 7673 -1
3697 3769 3967 6379 6397 6793 7369 7639 7963 -1
3739 3793 7393 7933 9337 9733 -1
3779 3797 7793 7937 9377 -1
3863 6833 8363 -1
3877 7873 8377 8737 -1
3889 8389 8839 8893 9883 -1
3943 4339 4933 9343 9433 -1
3947 4397 4793 4937 4973 7349 9437 9473 9743 -1
4057 4507 5407 -1
4099 4909 9049 -1
4157 4517 4751 5147 5417 5471 5741 7451 7541 -1
4261 4621 6421 -1
4561 4651 5641 6451 -1
4567 4657 5647 6547 -1
4583 5483 5843 8543 -1
4597 4759 4957 5479 5749 7459 7549 9547 -1
4679 4967 6947 7649 9467 -1
4691 6491 9461 -1
4787 4877 7487 8747 -1
4789 4987 7489 -1
4799 7499 7949 9479 9497 9749 -1
4861 6481 6841 8461 8641 -1
4969 6949 9649 -1
5039 5309 5903 -1
5077 7057 7507 -1
5081 5801 8501 -1
5189 5981 8951 9851 -1
5387 5783 7583 7853 8537 8573 8753 -1
5399 5939 9539 -1
5477 7457 7547 -1
5563 5653 6553 -1
5669 6569 6659 -1
5737 7537 7573 7753 -1
5879 5897 5987 7589 8597 9587 9857 -1
6079 6709 6907 7069 9067 -1
6089 8069 8609 -1
6367 6637 6673 6763 -1
6389 6983 8369 8693 8963 -1
6679 6967 7669 -1
6689 6869 8669 -1
6779 6977 9677 9767 -1
6899 8699 8969 9689 -1
6997 7699 9679 9697 9769 9967 -1
7687 7867 8677 -1
7789 7879 8779 9787 -1
7883 8387 8783 8837 -1
7993 9397 9739 9973 -1
8191 9181 9811 -1
9091 9109 9901 -1
